9F36407EAD0629FC166F14DDE7970F68 | A0D76858FF50828223285A4F8B1B63EA | 116.29891 | 39.88928 | 0 | 0 | 0 | 47 |  | 1 |  |  |  | 2 | 2
9F36407EAD0629FC166F14DDE7970F68 | 7CBB793C46D7CAD3981035CF922BD3F1 | 116.31401 | 39.89521 | 0 | 0 | 0 | 45 |  | 1 |  |  |  | 2 | 2
9F36407EAD0629FC166F14DDE7970F68 | 7421F7613315D16A720F5AD52A4B8B6A | 116.30131 | 39.89035 | 0 | 0 | 0 | 41 |  | 1 |  |  |  | 2 | 2
9F36407EAD0629FC166F14DDE7970F68 | FDA1E6E7B8C6A594746D60FF48746F12 | 116.30685 | 39.88411 | 17 | 270 | 0 | 43 |  | 3 |  |  |  | 2 | 1
9F36407EAD0629FC166F14DDE7970F68 | 073754D13CA65EE6903491686ED7C141 | 116.30685 | 39.88411 | 17 | 130 | 0 | 41 |  | 3 |  |  |  | 2 | 1
9F36407EAD0629FC166F14DDE7970F68 | F142C6067E6345134C6728F299CF4C1E | 116.30685 | 39.88411 | 17 | 30 | 0 | 41 |  | 3 |  |  |  | 2 | 1
9F36407EAD0629FC166F14DDE7970F68 | 63BAD29D7BD81C84CFEE6AB8E3890545 | 116.32268 | 39.89514 | 0 | 0 | 0 | 41 |  | 1 |  |  |  | 2 | 2
9F36407EAD0629FC166F14DDE7970F68 | 9E1C574347088C9225F323757F547B06 | 116.30401 | 39.87901 | 0 | 0 | 0 | 41 |  | 1 |  |  |  | 2 | 2
9F36407EAD0629FC166F14DDE7970F68 | 64F9B0CFAA9EDF06B7ACF81405583CB6 | 116.30471 | 39.88667 | 15 | 330 | 9 | 43 |  | 3 |  |  |  | 2 | 1
9F36407EAD0629FC166F14DDE7970F68 | 8A455D2B84726913FE7652EFDC0CFADC | 116.30471 | 39.88667 | 15 | 90 | 9 | 43 |  | 3 |  |  |  | 2 | 1
9F36407EAD0629FC166F14DDE7970F68 | 55EE5C15EB1A32098C52677A974ABCD5 | 116.30471 | 39.88667 | 15 | 210 | 9 | 45 |  | 3 |  |  |  | 2 | 1
9F36407EAD0629FC166F14DDE7970F68 | 6684828461F4E5BDA1E2A33B5E0DB6D3 | 116.28694 | 39.86551 | 22 | 20 | 0 | 45 |  | 3 |  |  |  | 2 | 1
9F36407EAD0629FC166F14DDE7970F68 | 7D420E2B2939762031EED0447A9BE19F | 116.28694 | 39.86551 | 22 | 240 | 0 | 45 |  | 3 |  |  |  | 2 | 1
9F36407EAD0629FC166F14DDE7970F68 | 5779E947CAEDD3537D114BF8B0702A15 | 116.28694 | 39.86551 | 22 | 330 | 0 | 43 |  | 3 |  |  |  | 2 | 1
9F36407EAD0629FC166F14DDE7970F68 | 7DA58332A407CF34D87EA109FDFBA52F | 116.31414 | 39.89459 | 60 | 180 | 0 | 45 |  | 3 |  |  |  | 2 | 1
9F36407EAD0629FC166F14DDE7970F68 | B42C757F1E5172E5937125A809C22547 | 116.31414 | 39.89459 | 60 | 60 | 0 | 41 |  | 3 |  |  |  | 2 | 1
9F36407EAD0629FC166F14DDE7970F68 | 352C158DE620027FF0452AD48DD2C3B2 | 116.31414 | 39.89459 | 60 | 300 | 0 | 41 |  | 3 |  |  |  | 2 | 1
9F36407EAD0629FC166F14DDE7970F68 | F86878B7116B98F7899222FD0CAB7AF3 | 116.30501 | 39.89581 | 0 | 0 | 0 | 47 |  | 1 |  |  |  | 2 | 2
9F36407EAD0629FC166F14DDE7970F68 | B4B673A5A429CFF04C5AA380DFE159C6 | 116.31401 | 39.87814 | 17 | 180 | 3 | 45 |  | 3 |  |  |  | 2 | 1
9F36407EAD0629FC166F14DDE7970F68 | 5F4D4B4DA67C9ADEC00590BE5904256E | 116.31401 | 39.87814 | 17 | 330 | 3 | 45 |  | 3 |  |  |  | 2 | 1
9F36407EAD0629FC166F14DDE7970F68 | C42619477538D342401B3336162F18C8 | 116.31401 | 39.87814 | 17 | 60 | 3 | 45 |  | 3 |  |  |  | 2 | 1
9F36407EAD0629FC166F14DDE7970F68 | 1818B89FB312EC0EB1AE01C352BBBC92 | 116.30358 | 39.86931 | 15 | 0 | 0 | 41 |  | 3 |  |  |  | 2 | 1
9F36407EAD0629FC166F14DDE7970F68 | 5BE6828BA1F517CA9E6E249C5DB867C5 | 116.30358 | 39.86931 | 15 | 120 | 0 | 41 |  | 3 |  |  |  | 2 | 1
9F36407EAD0629FC166F14DDE7970F68 | 2A0231D2D461C00F311124486FC4D8F8 | 116.30358 | 39.86931 | 15 | 240 | 0 | 41 |  | 3 |  |  |  | 2 | 1
9F36407EAD0629FC166F14DDE7970F68 | DF80C4863374CA0CCD3F3E8552D8F24E | 116.30731 | 39.86235 | 23 | 100 | 6 | 41 |  | 3 |  |  |  | 2 | 1
9F36407EAD0629FC166F14DDE7970F68 | 643DC432CD40E2304D2817138474A1E2 | 116.30731 | 39.86235 | 23 | 0 | 6 | 41 |  | 3 |  |  |  | 2 | 1
9F36407EAD0629FC166F14DDE7970F68 | 713A33732FCB0DB1F284A4C1BEDA7F60 | 116.30731 | 39.86235 | 23 | 250 | 6 | 41 |  | 3 |  |  |  | 2 | 1
9F36407EAD0629FC166F14DDE7970F68 | 7B3564B05F78B6739D06A2EA3187F5CA | 116.306092 | 39.881383 | 58 | 120 | 8 | 41 |  | 3 |  |  |  | 2 | 1
9F36407EAD0629FC166F14DDE7970F68 | 859B755563F548D008F936906A959C8F | 116.306092 | 39.881383 | 58 | 0 | 14 | 41 |  | 3 |  |  |  | 2 | 1
9F36407EAD0629FC166F14DDE7970F68 | 8AE7398026ED8F2172AEFD6CBC856BC8 | 116.306092 | 39.881383 | 58 | 240 | 10 | 41 |  | 3 |  |  |  | 2 | 1
9F36407EAD0629FC166F14DDE7970F68 | F87FBFF5BB3761AC2DB01C763AF3EC1B | 116.29599 | 39.88388 | 59 | 270 | 0 | 41 |  | 3 |  |  |  | 2 | 1
9F36407EAD0629FC166F14DDE7970F68 | E724C1AC2878DD102D429BC13F591334 | 116.29599 | 39.88388 | 59 | 20 | 0 | 41 |  | 3 |  |  |  | 2 | 1
9F36407EAD0629FC166F14DDE7970F68 | 657521CFFEFFFB720284D2176C9164C2 | 116.29599 | 39.88388 | 59 | 150 | 0 | 41 |  | 3 |  |  |  | 2 | 1
9F36407EAD0629FC166F14DDE7970F68 | E992292EA6314D710F2274E6DF3ED9D0 | 116.30902 | 39.86711 | 20 | 0 | 0 | 45 |  | 3 |  |  |  | 2 | 1
9F36407EAD0629FC166F14DDE7970F68 | ADB98634C81CFFDB29526E5FFF9B47C6 | 116.30902 | 39.86711 | 20 | 120 | 0 | 45 |  | 3 |  |  |  | 2 | 1
9F36407EAD0629FC166F14DDE7970F68 | 1DF134A4343E125344DE1E920A01FF80 | 116.30902 | 39.86711 | 20 | 240 | 0 | 45 |  | 3 |  |  |  | 2 | 1
9F36407EAD0629FC166F14DDE7970F68 | 1CBAA4E5609FB6517F54F0AB0C205ADA | 116.291092 | 39.864356 | 52 | 0 | 0 | 41 |  | 3 |  |  |  | 2 | 1
9F36407EAD0629FC166F14DDE7970F68 | FD7FB6F837E41936EB831B050DB82330 | 116.291092 | 39.864356 | 52 | 120 | 0 | 41 |  | 3 |  |  |  | 2 | 1
9F36407EAD0629FC166F14DDE7970F68 | 8954B3EEBB94B46DDF1C1A09C48E9E67 | 116.291092 | 39.864356 | 52 | 240 | 0 | 41 |  | 3 |  |  |  | 2 | 1
9F36407EAD0629FC166F14DDE7970F68 | 4E1C697C58ACE2A05144FF1ED5E65528 | 116.28803 | 39.86919 | 32 | 240 | 0 | 45 |  | 3 |  |  |  | 2 | 1
9F36407EAD0629FC166F14DDE7970F68 | 009B43FB969FF1C89F0A919D33B70ECF | 116.28803 | 39.86919 | 32 | 40 | 2 | 43 |  | 3 |  |  |  | 2 | 1
9F36407EAD0629FC166F14DDE7970F68 | B80249F42C48C29EDBC0C86465BBADDC | 116.28803 | 39.86919 | 32 | 120 | 0 | 45 |  | 3 |  |  |  | 2 | 1
9F36407EAD0629FC166F14DDE7970F68 | 334C4E57F1FC51734A2249A2EABF0893 | 116.28803 | 39.86919 | 32 | 240 | 0 | 41 |  | 3 |  |  |  | 2 | 1
9F36407EAD0629FC166F14DDE7970F68 | 555BDDDFDE39B83F9751FCB0A917DAF2 | 116.28803 | 39.86919 | 32 | 120 | 0 | 41 |  | 3 |  |  |  | 2 | 1
9F36407EAD0629FC166F14DDE7970F68 | C5AEBFAF734E42BBA2F42C95FF0CAA8B | 116.28803 | 39.86919 | 32 | 0 | 0 | 41 |  | 3 |  |  |  | 2 | 1
9F36407EAD0629FC166F14DDE7970F68 | CFC69414187BD8ADE5C17C797A107525 | 116.29312 | 39.86547 | 0 | 0 | 0 | 41 |  | 1 |  |  |  | 2 | 2
9F36407EAD0629FC166F14DDE7970F68 | 65B15D7B1DBBAAECB9E2B33D681C5497 | 116.31436 | 39.89626 | 0 | 0 | 0 | 41 |  | 1 |  |  |  | 2 | 2
9F36407EAD0629FC166F14DDE7970F68 | 4908ABF01AE104097641C7984131E9DD | 116.31401 | 39.89841 | 0 | 0 | 0 | 37 |  | 1 |  |  |  | 2 | 2
9F36407EAD0629FC166F14DDE7970F68 | F1B137D87D07604D19C710CE8B1EFF7A | 116.31241 | 39.87896 | 0 | 0 | 0 | 47 |  | 1 |  |  |  | 2 | 2
9F36407EAD0629FC166F14DDE7970F68 | 14895E9C83053104A635A8BE68FD0B8C | 116.30801 | 39.89661 | 0 | 0 | 0 | 47 |  | 1 |  |  |  | 2 | 2
9F36407EAD0629FC166F14DDE7970F68 | 50944271F670C03E921A91A8BB616D29 | 116.31481 | 39.89245 | 56 | 120 | 6 | 41 |  | 3 |  |  |  | 2 | 1
9F36407EAD0629FC166F14DDE7970F68 | 810CD6ADDA70722FD9D2C292867B86D7 | 116.31481 | 39.89245 | 56 | 0 | 6 | 41 |  | 3 |  |  |  | 2 | 1
9F36407EAD0629FC166F14DDE7970F68 | 7757C9E5178FDB7D4D39207FF91840C3 | 116.31481 | 39.89245 | 58 | 240 | 6 | 41 |  | 3 |  |  |  | 2 | 1
9F36407EAD0629FC166F14DDE7970F68 | 2642C4088801F315789ED587F791F3F2 | 116.305263 | 39.894393 | 15 | 120 | 0 | 45 |  | 3 |  |  |  | 2 | 1
9F36407EAD0629FC166F14DDE7970F68 | 7FAD1AAEB2B1139A73241D05E5A68CBB | 116.305263 | 39.894393 | 15 | 240 | 0 | 45 |  | 3 |  |  |  | 2 | 1
9F36407EAD0629FC166F14DDE7970F68 | 51C66183DB882DE9D51DAC0DABEC5323 | 116.305263 | 39.894393 | 15 | 30 | 6 | 43 |  | 3 |  |  |  | 2 | 1
9F36407EAD0629FC166F14DDE7970F68 | 8478FE41C80431E5343DA65C14312D11 | 116.305263 | 39.894393 | 29 | 150 | 0 | 41 |  | 3 |  |  |  | 2 | 1
9F36407EAD0629FC166F14DDE7970F68 | 4DC81A70490100C0BFA13295418A1B0A | 116.305263 | 39.894393 | 29 | 260 | 0 | 43 |  | 3 |  |  |  | 2 | 1
9F36407EAD0629FC166F14DDE7970F68 | 3AEC913B895A9112E968109FDAF02B65 | 116.305263 | 39.894393 | 29 | 30 | 0 | 45 |  | 3 |  |  |  | 2 | 1
9F36407EAD0629FC166F14DDE7970F68 | 7ACD475A79343E57E8E633873DB3C04F | 116.31586 | 39.89771 | 0 | 0 | 0 | 41 |  | 1 |  |  |  | 2 | 2
9F36407EAD0629FC166F14DDE7970F68 | 50D944A1F44B855A5144C17E8FC33973 | 116.27873 | 39.88104 | 0 | 0 | 0 | 41 |  | 1 |  |  |  | 2 | 2
9F36407EAD0629FC166F14DDE7970F68 | B89275B9A8413B5A835C2996CEAE8A5A | 116.31639 | 39.88944 | 0 | 0 | 0 | 47 |  | 1 |  |  |  | 2 | 2
9F36407EAD0629FC166F14DDE7970F68 | EA3CE3F65B0DCB09B148B728D01EE291 | 116.31601 | 39.89881 | 0 | 0 | 0 | 47 |  | 1 |  |  |  | 2 | 2
9F36407EAD0629FC166F14DDE7970F68 | 9246BFFE09C17934CCC7AD81A31111EC | 116.31931 | 39.90131 | 15 | 120 | 0 | 41 |  | 3 |  |  |  | 2 | 1
9F36407EAD0629FC166F14DDE7970F68 | 188AD36EB0CB68D694A6E7913C565240 | 116.31931 | 39.90131 | 15 | 0 | 0 | 43 |  | 3 |  |  |  | 2 | 1
9F36407EAD0629FC166F14DDE7970F68 | DD6CB30E408188689CFF26EE0475891F | 116.31931 | 39.90131 | 15 | 240 | 0 | 41 |  | 3 |  |  |  | 2 | 1
9F36407EAD0629FC166F14DDE7970F68 | 02B780C583EC92DC4816F9C299E59423 | 116.28982 | 39.86439 | 0 | 0 | 0 | 37 |  | 1 |  |  |  | 2 | 2
9F36407EAD0629FC166F14DDE7970F68 | 1C4EC9002D8F6C1DDAE5C151E48CF718 | 116.31414 | 39.89459 | 60 | 300 | 0 | 43 |  | 3 |  |  |  | 2 | 1
9F36407EAD0629FC166F14DDE7970F68 | BCAD7AF0B6045C9F0408DA9661F9F722 | 116.31414 | 39.89459 | 60 | 60 | 0 | 41 |  | 3 |  |  |  | 2 | 1
9F36407EAD0629FC166F14DDE7970F68 | 302EADDD535E22628C7DF880385B95AE | 116.31414 | 39.89459 | 60 | 180 | 0 | 41 |  | 3 |  |  |  | 2 | 1
9F36407EAD0629FC166F14DDE7970F68 | 490C466578D8E581E6D28C7161E4ACBF | 116.32001 | 39.89211 | 0 | 0 | 0 | 37 |  | 1 |  |  |  | 2 | 2
9F36407EAD0629FC166F14DDE7970F68 | E7B6EF072F6959B5F4E092E4D8F0749F | 116.33228 | 39.89122 | 0 | 0 | 0 | 41 |  | 1 |  |  |  | 2 | 2
9F36407EAD0629FC166F14DDE7970F68 | 6E315707BFE8C9809F10E7336A2455A2 | 116.30294 | 39.87071 | 0 | 0 | 0 | 41 |  | 1 |  |  |  | 2 | 2
9F36407EAD0629FC166F14DDE7970F68 | 3581C5CB35D229C9ED60B39F9135F799 | 116.32157 | 39.89661 | 0 | 0 | 0 | 41 |  | 1 |  |  |  | 2 | 2
9F36407EAD0629FC166F14DDE7970F68 | 5FF4FB7B73FA956E5A0382824F85C96A | 116.31101 | 39.88671 | 0 | 0 | 0 | 41 |  | 1 |  |  |  | 2 | 2
9F36407EAD0629FC166F14DDE7970F68 | 1E915F881507BDE3FBDAFA3C2087CF69 | 116.30101 | 39.87901 | 0 | 0 | 0 | 41 |  | 1 |  |  |  | 2 | 2
9F36407EAD0629FC166F14DDE7970F68 | BDDCDA5D65FCFDEC9DE3838794A77265 | 116.30574 | 39.87898 | 21 | 0 | 0 | 45 |  | 3 |  |  |  | 2 | 1
9F36407EAD0629FC166F14DDE7970F68 | 5B0AC7CEE98097AE86B00DEC0CEEF066 | 116.30574 | 39.87898 | 21 | 240 | 0 | 43 |  | 3 |  |  |  | 2 | 1
9F36407EAD0629FC166F14DDE7970F68 | 46DFB1FD21D4E16401260F54D2B6A88A | 116.30574 | 39.87898 | 21 | 120 | 0 | 43 |  | 3 |  |  |  | 2 | 1
9F36407EAD0629FC166F14DDE7970F68 | 245403F0EC118644E403DDD11C5797E9 | 116.31515 | 39.89017 | 0 | 0 | 0 | 47 |  | 1 |  |  |  | 2 | 2
9F36407EAD0629FC166F14DDE7970F68 | B2B9E8EB2B9BC46C4F57785472B96F4D | 116.29619 | 39.89469 | 12 | 120 | 1 | 45 |  | 3 |  |  |  | 2 | 1
9F36407EAD0629FC166F14DDE7970F68 | E5B48CD740459076E51B98C3FD80D225 | 116.29619 | 39.89469 | 12 | 0 | 1 | 45 |  | 3 |  |  |  | 2 | 1
9F36407EAD0629FC166F14DDE7970F68 | 07044DF9F0DC1D12E08825AC86CC9F6D | 116.29619 | 39.89469 | 12 | 240 | 1 | 45 |  | 3 |  |  |  | 2 | 1
9F36407EAD0629FC166F14DDE7970F68 | 5FD28676525F025716FA72429D241209 | 116.30574 | 39.89766 | 36 | 90 | 0 | 45 |  | 3 |  |  |  | 2 | 1
9F36407EAD0629FC166F14DDE7970F68 | 571DEA3EB9D4D24C6194EF17C91CDA79 | 116.30574 | 39.89766 | 36 | 210 | 0 | 45 |  | 3 |  |  |  | 2 | 1
9F36407EAD0629FC166F14DDE7970F68 | 5D8BD58AFB076C1B8589095707495C6A | 116.30574 | 39.89766 | 36 | 330 | 0 | 45 |  | 3 |  |  |  | 2 | 1
9F36407EAD0629FC166F14DDE7970F68 | E0E60EC21D10B717A728BC089E73F262 | 116.28926 | 39.88226 | 0 | 0 | 0 | 41 |  | 1 |  |  |  | 2 | 2
9F36407EAD0629FC166F14DDE7970F68 | 95BF5763251F491480A0C1E5B76A16D8 | 116.29103 | 39.86777 | 5 | 240 | 0 | 45 |  | 3 |  |  |  | 2 | 1
9F36407EAD0629FC166F14DDE7970F68 | 6109E720DFDEE7143B87B597368EF17F | 116.29103 | 39.86777 | 5 | 120 | 0 | 45 |  | 3 |  |  |  | 2 | 1
9F36407EAD0629FC166F14DDE7970F68 | F863C1C3EF0A21F87D108F0C0FAC757A | 116.29103 | 39.86777 | 5 | 0 | 0 | 45 |  | 3 |  |  |  | 2 | 1
9F36407EAD0629FC166F14DDE7970F68 | 069AD71BCF3A8D3F695981962936B2A2 | 116.30501 | 39.89481 | 0 | 0 | 0 | 41 |  | 1 |  |  |  | 2 | 2
9F36407EAD0629FC166F14DDE7970F68 | D95B6D57026984DAFEBD64CF2759F413 | 116.31101 | 39.87761 | 0 | 0 | 0 | 41 |  | 1 |  |  |  | 2 | 2
9F36407EAD0629FC166F14DDE7970F68 | 4722A3F814D9EAE09B055B08EF0925A0 | 116.34695 | 39.88749 | 0 | 0 | 0 | 41 |  | 1 |  |  |  | 2 | 2
9F36407EAD0629FC166F14DDE7970F68 | F4BA52DEAC04BBF1D37D329894774B3F | 116.31201 | 39.88221 | 15 | 0 | 0 | 43 |  | 3 |  |  |  | 2 | 1
9F36407EAD0629FC166F14DDE7970F68 | DF50C778908BA687C7006DEE97540523 | 116.31201 | 39.88221 | 15 | 240 | 0 | 41 |  | 3 |  |  |  | 2 | 1
9F36407EAD0629FC166F14DDE7970F68 | FFE51FEBA7C5E5E7B74DB593B0D4F021 | 116.31201 | 39.88221 | 15 | 120 | 0 | 41 |  | 3 |  |  |  | 2 | 1
9F36407EAD0629FC166F14DDE7970F68 | 4F9FCBF18F62C9F0BE2A96DFE3708BC4 | 116.31372 | 39.89522 | 0 | 0 | 0 | 37 |  | 1 |  |  |  | 2 | 2
9F36407EAD0629FC166F14DDE7970F68 | 1A5D21D74F96F53E6C08ED25A32915B6 | 116.30316 | 39.86277 | 47 | 240 | 0 | 41 |  | 3 |  |  |  | 2 | 1
9F36407EAD0629FC166F14DDE7970F68 | 0E89CCEDEF7FDB65B6D529E2EE33FC56 | 116.30316 | 39.86277 | 47 | 0 | 0 | 43 |  | 3 |  |  |  | 2 | 1
9F36407EAD0629FC166F14DDE7970F68 | 9F4E6191EB2449F9AE6B0D7916BC1E17 | 116.30316 | 39.86277 | 47 | 120 | 0 | 45 |  | 3 |  |  |  | 2 | 1